1,0,0,0,0,1,0,0,0,0,1,0,20.5,0,-0.5,1|
-0.0890854,0,-0.996026,0,0,1,0,0,0.996026,0,-0.0890854,0,20.5,0,-0.5,1|
0.990221,0,-0.139544,0,0,1,0,0,0.139544,0,0.990221,0,22.0051,0,-0.712106,1|
-0.0491846,0,-0.998801,0,0,1,0,0,0.998801,0,-0.0491846,0,22.1745,0,-0.917007,1|
0.995018,0,-0.0998351,0,0,1,0,0,0.0998351,0,0.995018,0,20.3237,0,-0.731315,1|
